<?xml version="1.0" encoding="UTF-8" standalone="no"?>
<!DOCTYPE svg PUBLIC "-//W3C//DTD SVG 20010904//EN"
              "http://www.w3.org/TR/2001/REC-SVG-20010904/DTD/svg10.dtd">

<svg xmlns="http://www.w3.org/2000/svg"
     width="11.1111in" height="11.6667in"
     viewBox="0 0 800 840">
  <path id="Seleção"
        fill="none" stroke="black" stroke-width="1"
        d="M 30.00,278.90
           C 30.00,278.90 75.00,289.95 75.00,289.95
             75.00,289.95 102.00,304.70 102.00,304.70
             102.00,304.70 149.00,326.00 149.00,326.00
             145.51,330.86 142.45,335.09 136.00,334.00
             134.38,337.41 131.72,340.23 128.01,341.43
             125.84,342.13 123.86,341.51 121.89,342.84
             117.47,345.81 118.14,350.67 108.00,352.00
             106.85,348.83 104.61,349.09 101.59,348.63
             96.25,347.85 88.21,347.30 83.00,348.63
             80.25,349.30 76.94,351.25 74.14,349.89
             70.78,348.24 70.19,343.30 70.04,340.00
             70.04,340.00 72.00,315.00 72.00,315.00
             72.00,315.00 56.72,326.68 56.72,326.68
             56.72,326.68 39.00,328.00 39.00,328.00
             39.00,328.00 40.00,324.00 40.00,324.00
             36.22,321.67 36.71,319.90 34.06,317.84
             30.84,315.33 22.98,315.00 19.00,315.00
             20.26,313.01 22.31,310.43 22.18,308.00
             21.94,303.38 15.29,296.95 12.37,293.55
             9.38,290.04 7.80,284.52 8.00,280.00
             8.00,280.00 2.00,277.00 2.00,277.00
             2.00,277.00 4.00,272.00 4.00,272.00
             4.00,272.00 8.00,269.00 8.00,269.00
             8.00,269.00 30.00,278.90 30.00,278.90 Z" />
</svg>
