<?xml version="1.0" encoding="UTF-8" standalone="no"?>
<!DOCTYPE svg PUBLIC "-//W3C//DTD SVG 20010904//EN"
              "http://www.w3.org/TR/2001/REC-SVG-20010904/DTD/svg10.dtd">

<svg xmlns="http://www.w3.org/2000/svg"
     width="11.1111in" height="11.6667in"
     viewBox="0 0 800 840">
  <path id="Seleção #18"
        fill="none" stroke="black" stroke-width="1"
        d="M 769.52,311.25
           C 771.61,309.70 772.51,307.54 775.18,306.18
             778.86,304.74 787.10,305.05 791.00,306.18
             791.00,306.18 768.00,337.00 768.00,337.00
             768.00,337.00 764.00,337.00 764.00,337.00
             764.00,337.00 763.00,333.00 763.00,333.00
             757.98,333.21 756.70,331.88 756.00,327.00
             748.34,326.14 737.08,318.74 730.00,315.00
             730.00,315.00 739.00,306.00 739.00,306.00
             740.96,311.00 746.17,305.62 749.00,314.00
             752.34,314.32 758.90,313.78 761.00,316.00
             761.00,316.00 769.52,311.25 769.52,311.25 Z" />
</svg>
