<?xml version="1.0" encoding="UTF-8" standalone="no"?>
<!DOCTYPE svg PUBLIC "-//W3C//DTD SVG 20010904//EN"
              "http://www.w3.org/TR/2001/REC-SVG-20010904/DTD/svg10.dtd">

<svg xmlns="http://www.w3.org/2000/svg"
     width="11.1111in" height="11.6667in"
     viewBox="0 0 800 840">
  <path id="Seleção #1"
        fill="none" stroke="black" stroke-width="1"
        d="M 468.29,47.00
           C 469.56,52.85 471.62,54.48 471.00,61.00
             474.42,63.32 474.34,65.08 474.00,69.00
             474.00,69.00 480.00,67.00 480.00,67.00
             481.13,68.98 483.15,73.00 484.63,74.44
             487.60,77.34 490.45,76.13 490.94,82.02
             491.27,86.00 489.94,93.51 487.08,96.45
             485.40,98.17 483.43,98.23 481.41,100.31
             478.99,102.80 478.85,105.74 475.78,108.59
             475.78,108.59 464.49,116.55 464.49,116.55
             464.49,116.55 454.85,131.00 454.85,131.00
             454.85,131.00 453.00,138.00 453.00,138.00
             453.00,138.00 447.00,139.00 447.00,139.00
             447.00,139.00 441.00,136.00 441.00,136.00
             441.00,136.00 442.00,132.00 442.00,132.00
             438.79,129.59 439.13,128.89 439.00,125.00
             439.00,125.00 436.00,125.00 436.00,125.00
             434.79,117.52 431.77,119.02 427.95,110.00
             425.31,103.77 427.61,102.66 425.94,99.01
             423.26,93.14 420.15,96.21 421.00,86.00
             421.00,86.00 408.28,80.10 408.28,80.10
             408.28,80.10 401.99,76.22 401.99,76.22
             401.99,76.22 393.92,73.26 393.92,73.26
             393.92,73.26 393.00,64.00 393.00,64.00
             393.00,64.00 404.00,67.07 404.00,67.07
             404.00,67.07 414.42,65.37 414.42,65.37
             414.42,65.37 426.96,67.31 426.96,67.31
             426.96,67.31 434.00,66.00 434.00,66.00
             434.00,66.00 438.51,58.00 438.51,58.00
             441.95,50.45 444.93,43.14 449.32,36.00
             453.66,28.94 457.19,28.60 458.00,20.00
             468.56,25.29 466.20,37.38 468.29,47.00 Z
           M 469.00,54.00
           C 469.00,54.00 470.00,55.00 470.00,55.00
             470.00,55.00 470.00,54.00 470.00,54.00
             470.00,54.00 469.00,54.00 469.00,54.00 Z" />
</svg>
