<?xml version="1.0" encoding="UTF-8" standalone="no"?>
<!DOCTYPE svg PUBLIC "-//W3C//DTD SVG 20010904//EN"
              "http://www.w3.org/TR/2001/REC-SVG-20010904/DTD/svg10.dtd">

<svg xmlns="http://www.w3.org/2000/svg"
     width="11.1111in" height="11.6667in"
     viewBox="0 0 800 840">
  <path id="Seleção #1"
        fill="none" stroke="black" stroke-width="1"
        d="M 136.00,67.00
           C 136.00,67.00 140.41,77.17 140.41,77.17
             140.41,77.17 141.00,90.00 141.00,90.00
             150.81,86.70 152.30,97.43 159.58,97.92
             164.43,98.24 165.37,92.71 173.03,94.00
             172.68,95.34 171.75,97.86 173.03,99.00
             174.56,100.30 177.32,96.62 178.27,95.70
             190.58,83.68 186.57,90.60 195.00,83.00
             195.00,83.00 199.00,85.00 199.00,85.00
             199.00,85.00 205.00,72.00 205.00,72.00
             213.81,72.03 213.83,65.32 224.16,70.14
             225.24,70.64 227.65,71.47 228.42,72.16
             231.14,74.55 228.05,76.34 230.70,83.00
             230.70,83.00 234.36,92.88 234.36,92.88
             235.10,96.36 233.30,98.81 234.36,103.29
             236.35,115.74 242.15,116.49 237.10,128.00
             234.23,129.16 235.53,130.96 237.10,132.84
             241.39,137.57 243.81,136.46 247.00,145.00
             252.31,144.72 252.85,146.09 257.00,149.00
             257.00,149.00 254.00,144.00 254.00,144.00
             254.58,140.04 254.65,132.19 256.89,129.27
             262.33,122.20 268.51,126.45 269.00,134.00
             269.00,134.00 276.00,134.00 276.00,134.00
             276.00,134.00 281.00,130.00 281.00,130.00
             280.40,128.30 279.75,126.86 279.75,125.00
             279.75,121.95 283.65,110.91 286.41,109.57
             288.47,108.58 304.54,109.00 308.00,109.00
             308.00,116.75 307.90,120.95 311.96,127.99
             314.96,133.17 317.21,132.51 319.00,140.00
             319.00,140.00 326.00,139.00 326.00,139.00
             327.34,147.20 331.30,145.24 335.00,151.00
             343.60,151.27 344.85,155.57 352.00,158.00
             353.30,162.68 355.96,161.42 360.00,161.00
             360.00,161.00 353.69,178.00 353.69,178.00
             353.69,178.00 329.40,233.00 329.40,233.00
             329.40,233.00 321.69,249.99 321.69,249.99
             321.69,249.99 316.92,258.08 316.92,258.08
             316.92,258.08 321.70,270.00 321.70,270.00
             321.70,270.00 319.39,282.28 319.39,282.28
             319.39,282.28 319.39,290.00 319.39,290.00
             319.39,290.00 317.00,302.00 317.00,302.00
             317.00,302.00 260.00,302.00 260.00,302.00
             251.68,301.86 251.84,298.84 247.00,304.00
             247.00,304.00 228.87,285.67 228.87,285.67
             225.68,283.53 215.51,283.02 212.47,285.67
             210.57,287.21 209.78,289.74 209.00,292.00
             203.75,293.36 201.73,301.06 201.00,306.00
             197.92,305.71 188.87,305.79 186.58,307.77
             184.61,309.48 185.60,311.10 181.00,315.00
             181.00,315.00 180.00,312.00 180.00,312.00
             180.00,312.00 174.00,316.00 174.00,316.00
             174.00,316.00 169.00,318.00 169.00,318.00
             162.00,315.26 161.77,314.11 154.00,316.00
             153.05,320.77 148.97,323.98 144.00,322.55
             144.00,322.55 129.00,315.86 129.00,315.86
             129.00,315.86 102.00,303.23 102.00,303.23
             95.68,299.80 75.46,288.33 70.00,286.90
             54.91,282.93 33.34,279.90 20.00,273.25
             17.76,272.13 9.93,268.47 8.58,267.04
             2.32,260.44 17.57,256.58 18.68,252.37
             19.29,250.01 17.35,247.65 17.90,244.00
             18.43,240.50 20.86,238.15 22.17,235.00
             23.35,232.15 23.33,229.20 25.22,226.13
             27.03,223.19 30.26,221.55 33.09,219.72
             33.09,219.72 45.00,212.14 45.00,212.14
             45.00,212.14 59.44,209.20 59.44,209.20
             67.63,206.56 61.87,204.92 75.00,204.00
             76.20,205.99 77.23,207.67 79.96,207.46
             84.96,207.07 85.27,198.77 86.00,195.00
             86.00,195.00 92.08,158.00 92.08,158.00
             92.92,153.05 95.37,143.45 94.87,139.00
             94.87,139.00 90.07,125.20 90.07,125.20
             86.22,119.54 82.17,121.43 82.00,112.00
             81.97,110.23 81.86,105.95 82.53,104.45
             84.90,99.22 96.60,101.49 101.00,101.00
             101.00,101.00 99.45,93.77 99.45,93.77
             97.21,89.48 90.32,89.35 86.00,89.00
             86.00,86.42 85.42,79.99 87.40,78.03
             89.49,76.43 94.49,77.60 97.00,78.03
             97.00,78.03 121.00,78.03 121.00,78.03
             121.00,78.03 119.00,72.00 119.00,72.00
             124.95,74.82 129.61,72.37 133.00,67.00
             133.00,67.00 136.00,67.00 136.00,67.00 Z" />
</svg>
