<?xml version="1.0" encoding="UTF-8" standalone="no"?>
<!DOCTYPE svg PUBLIC "-//W3C//DTD SVG 20010904//EN"
              "http://www.w3.org/TR/2001/REC-SVG-20010904/DTD/svg10.dtd">

<svg xmlns="http://www.w3.org/2000/svg"
     width="11.1111in" height="11.6667in"
     viewBox="0 0 800 840">
  <path id="Seleção #13"
        fill="none" stroke="black" stroke-width="1"
        d="M 707.00,298.00
           C 707.00,298.00 708.00,302.00 708.00,302.00
             713.48,302.37 716.95,303.18 720.00,308.00
             720.00,308.00 723.00,306.00 723.00,306.00
             723.00,306.00 726.93,310.43 726.93,310.43
             726.93,310.43 733.00,318.00 733.00,318.00
             731.31,327.47 736.47,327.40 737.53,332.11
             738.04,334.39 736.65,341.57 736.00,344.00
             726.85,342.67 728.46,346.72 731.46,353.00
             734.59,359.56 736.21,362.39 744.00,363.00
             742.25,370.45 736.44,380.12 731.54,386.00
             728.65,389.46 726.39,392.67 722.00,390.00
             722.00,390.00 714.53,399.17 714.53,399.17
             714.53,399.17 713.74,415.00 713.74,415.00
             713.74,415.00 711.41,431.00 711.41,431.00
             711.41,431.00 715.11,455.00 715.11,455.00
             715.11,455.00 711.92,466.00 711.92,466.00
             711.92,466.00 708.86,482.83 708.86,482.83
             708.86,482.83 708.86,494.87 708.86,494.87
             708.86,494.87 700.00,506.00 700.00,506.00
             689.98,502.80 691.67,499.27 688.51,494.95
             685.65,491.05 684.06,491.04 682.00,486.00
             683.83,483.68 682.55,482.63 683.61,480.29
             685.54,476.00 688.43,479.34 688.00,471.00
             691.42,469.12 696.46,464.29 695.55,460.00
             695.55,460.00 693.00,454.00 693.00,454.00
             693.00,454.00 673.00,449.00 673.00,449.00
             673.00,449.00 667.00,451.00 667.00,451.00
             666.28,446.74 660.70,439.95 656.58,438.58
             654.94,438.04 650.54,439.34 644.00,436.31
             644.00,436.31 631.00,428.89 631.00,428.89
             626.50,427.44 614.01,434.08 615.94,423.98
             615.94,423.98 617.00,420.00 617.00,420.00
             617.00,420.00 606.00,418.00 606.00,418.00
             606.00,418.00 597.04,423.05 597.04,423.05
             597.04,423.05 590.34,428.82 590.34,428.82
             590.34,428.82 572.00,438.00 572.00,438.00
             570.31,422.63 576.88,423.43 567.00,417.00
             567.00,417.00 567.00,407.00 567.00,407.00
             567.00,407.00 569.00,407.00 569.00,407.00
             568.27,402.69 568.63,402.57 571.00,399.00
             571.00,399.00 566.00,399.00 566.00,399.00
             566.00,399.00 569.00,390.00 569.00,390.00
             569.00,390.00 566.00,391.00 566.00,391.00
             566.00,391.00 566.00,384.00 566.00,384.00
             569.62,381.19 564.82,380.74 564.00,372.00
             564.00,372.00 569.00,369.00 569.00,369.00
             569.00,369.00 565.00,369.00 565.00,369.00
             566.20,365.58 566.46,365.62 570.00,365.00
             564.20,358.61 562.66,363.19 560.00,356.00
             560.00,356.00 568.63,343.33 568.63,343.33
             568.63,343.33 579.00,332.00 579.00,332.00
             582.26,339.15 582.06,345.57 590.71,348.35
             595.63,349.93 596.98,345.26 601.17,343.41
             604.47,341.94 606.90,343.09 609.82,341.41
             614.82,338.52 618.51,330.36 620.00,325.00
             612.92,320.17 617.66,316.91 623.00,314.00
             627.63,317.28 632.23,316.56 635.00,322.00
             635.00,322.00 648.00,314.60 648.00,314.60
             651.52,313.09 653.21,314.12 656.58,311.57
             659.75,309.18 664.67,302.12 668.72,302.61
             673.47,303.20 675.38,307.85 678.00,311.00
             678.00,311.00 676.00,318.00 676.00,318.00
             682.47,317.80 686.48,316.91 688.00,310.00
             692.50,309.93 695.52,308.91 696.00,304.00
             696.00,304.00 707.00,298.00 707.00,298.00 Z" />
</svg>
