<?xml version="1.0" encoding="UTF-8" standalone="no"?>
<!DOCTYPE svg PUBLIC "-//W3C//DTD SVG 20010904//EN"
              "http://www.w3.org/TR/2001/REC-SVG-20010904/DTD/svg10.dtd">

<svg xmlns="http://www.w3.org/2000/svg"
     width="11.1111in" height="11.6667in"
     viewBox="0 0 800 840">
  <path id="Seleção #14"
        fill="none" stroke="black" stroke-width="1"
        d="M 692.00,175.82
           C 697.69,177.10 706.30,182.99 711.17,186.50
             711.17,186.50 724.56,195.68 724.56,195.68
             724.56,195.68 733.98,205.83 733.98,205.83
             733.98,205.83 741.09,212.59 741.09,212.59
             744.22,215.03 745.68,214.40 748.00,218.00
             738.70,218.55 740.41,221.76 736.91,228.42
             736.91,228.42 732.53,235.00 732.53,235.00
             732.53,235.00 728.00,244.00 728.00,244.00
             724.98,243.25 722.73,246.23 721.53,248.80
             721.53,248.80 718.94,263.17 718.94,263.17
             718.94,263.17 718.94,269.00 718.94,269.00
             718.94,269.00 722.00,270.00 722.00,270.00
             721.38,271.78 720.92,273.19 719.90,274.82
             712.17,287.16 707.87,273.21 700.00,270.94
             696.69,269.99 694.34,271.77 691.04,272.06
             691.04,272.06 684.00,272.06 684.00,272.06
             684.00,272.06 686.00,259.00 686.00,259.00
             683.88,258.41 681.43,257.87 679.85,256.19
             675.57,251.61 676.31,235.11 675.66,229.00
             674.97,222.48 670.38,221.92 669.41,216.99
             668.65,213.14 671.03,207.07 670.92,204.00
             670.92,204.00 666.66,188.00 666.66,188.00
             665.93,182.71 667.83,182.54 668.00,177.00
             676.02,176.63 684.02,174.03 692.00,175.82 Z" />
</svg>
