<?xml version="1.0" encoding="UTF-8" standalone="no"?>
<!DOCTYPE svg PUBLIC "-//W3C//DTD SVG 20010904//EN"
              "http://www.w3.org/TR/2001/REC-SVG-20010904/DTD/svg10.dtd">

<svg xmlns="http://www.w3.org/2000/svg"
     width="11.1111in" height="11.6667in"
     viewBox="0 0 800 840">
  <path id="Seleção #8"
        fill="none" stroke="black" stroke-width="1"
        d="M 699.00,508.00
           C 698.07,513.18 697.73,516.69 698.04,522.00
             698.33,525.56 699.42,528.46 698.04,531.96
             696.70,535.13 693.93,537.04 691.96,540.04
             691.96,540.04 684.33,554.83 684.33,554.83
             678.84,562.98 680.23,556.09 674.00,570.00
             674.00,570.00 660.00,568.00 660.00,568.00
             658.47,563.48 657.20,559.84 657.43,555.00
             657.84,546.33 661.49,550.94 665.28,547.42
             667.70,545.16 669.94,538.87 671.59,535.96
             673.08,533.35 675.38,531.29 675.16,528.00
             675.04,526.09 672.87,521.97 672.00,520.00
             672.00,520.00 676.00,519.00 676.00,519.00
             673.91,513.70 666.52,504.06 678.00,505.00
             681.73,493.82 693.45,504.27 699.00,508.00 Z" />
</svg>
