<?xml version="1.0" encoding="UTF-8" standalone="no"?>
<!DOCTYPE svg PUBLIC "-//W3C//DTD SVG 20010904//EN"
              "http://www.w3.org/TR/2001/REC-SVG-20010904/DTD/svg10.dtd">

<svg xmlns="http://www.w3.org/2000/svg"
     width="11.1111in" height="11.6667in"
     viewBox="0 0 800 840">
  <path id="Seleção"
        fill="none" stroke="black" stroke-width="1"
        d="M 493.00,394.28
           C 497.48,396.50 498.94,398.33 504.00,400.00
             504.00,400.00 506.00,391.00 506.00,391.00
             506.00,391.00 511.00,394.00 511.00,394.00
             511.00,394.00 512.00,391.00 512.00,391.00
             512.00,391.00 514.00,391.00 514.00,391.00
             514.00,391.00 518.00,401.00 518.00,401.00
             518.00,401.00 526.00,398.00 526.00,398.00
             526.00,398.00 527.00,402.00 527.00,402.00
             532.36,400.55 533.28,401.39 538.00,404.00
             538.00,404.00 539.00,398.00 539.00,398.00
             545.13,400.45 546.46,399.41 552.00,396.14
             554.69,394.56 559.31,391.62 562.40,394.02
             564.07,395.31 565.39,403.75 565.25,405.96
             565.39,408.73 564.26,412.77 565.25,415.54
             565.94,418.24 568.77,419.60 571.00,421.00
             571.00,421.00 569.00,434.00 569.00,434.00
             569.00,434.00 566.00,434.00 566.00,434.00
             566.00,434.00 560.00,429.00 560.00,429.00
             560.00,429.00 560.00,437.00 560.00,437.00
             560.00,437.00 551.24,437.00 551.24,437.00
             551.24,437.00 551.24,444.99 551.24,444.99
             551.24,444.99 553.00,455.00 553.00,455.00
             553.00,455.00 545.00,457.00 545.00,457.00
             544.72,454.56 544.98,450.45 543.67,448.57
             541.02,444.73 529.43,446.00 525.00,446.00
             525.00,446.00 524.00,460.00 524.00,460.00
             524.00,460.00 541.85,460.00 541.85,460.00
             541.85,460.00 541.85,468.83 541.85,468.83
             541.85,468.83 546.00,480.00 546.00,480.00
             540.78,483.81 535.77,488.21 544.00,492.00
             544.00,492.00 542.14,500.83 542.14,500.83
             542.14,500.83 537.96,505.90 537.96,505.90
             537.96,505.90 532.42,509.25 532.42,509.25
             532.42,509.25 511.58,507.03 511.58,507.03
             511.58,507.03 501.00,513.00 501.00,513.00
             497.61,511.35 486.38,513.15 483.33,515.58
             480.69,517.69 479.93,520.91 476.90,524.00
             473.43,527.53 469.70,531.57 466.00,526.00
             455.65,526.22 442.65,516.01 438.00,514.56
             435.87,513.89 433.23,514.01 431.00,514.00
             431.00,514.00 434.00,507.00 434.00,507.00
             434.00,507.00 427.00,507.00 427.00,507.00
             427.00,507.00 427.00,495.00 427.00,495.00
             422.21,490.70 427.57,483.24 428.00,478.00
             432.91,474.41 434.94,472.29 438.00,467.00
             435.66,464.17 438.76,462.26 440.89,460.31
             448.53,453.30 450.66,456.93 454.08,449.98
             455.89,446.32 456.09,441.97 458.49,439.44
             461.75,436.04 465.31,438.59 468.20,432.90
             470.95,427.49 472.00,415.28 473.53,409.01
             474.49,405.10 476.38,403.54 477.60,399.96
             477.60,399.96 481.00,387.00 481.00,387.00
             486.26,393.21 486.39,390.99 493.00,394.28 Z" />
</svg>
