<?xml version="1.0" encoding="UTF-8" standalone="no"?>
<!DOCTYPE svg PUBLIC "-//W3C//DTD SVG 20010904//EN"
              "http://www.w3.org/TR/2001/REC-SVG-20010904/DTD/svg10.dtd">

<svg xmlns="http://www.w3.org/2000/svg"
     width="11.1111in" height="11.6667in"
     viewBox="0 0 800 840">
  <path id="Seleção #11"
        fill="none" stroke="black" stroke-width="1"
        d="M 580.00,144.00
           C 580.00,144.00 584.00,152.00 584.00,152.00
             584.00,152.00 586.00,152.00 586.00,152.00
             587.65,147.84 588.80,147.91 593.00,147.00
             593.00,147.00 595.00,150.00 595.00,150.00
             595.00,150.00 594.00,154.00 594.00,154.00
             599.27,154.86 605.06,160.76 602.00,166.00
             605.44,167.47 609.07,167.48 610.00,171.00
             610.00,171.00 621.00,163.00 621.00,163.00
             621.00,163.00 622.00,166.00 622.00,166.00
             630.49,163.81 632.99,169.76 642.00,171.83
             645.65,172.67 648.39,171.13 651.00,174.00
             651.00,174.00 655.00,173.00 655.00,173.00
             655.00,173.00 656.00,178.00 656.00,178.00
             654.43,179.70 649.38,184.97 647.55,186.04
             645.44,187.26 643.59,186.86 641.61,188.60
             639.17,190.73 638.02,195.14 636.45,198.00
             635.35,200.01 632.97,202.91 632.54,204.96
             632.07,207.17 633.23,208.54 633.22,210.28
             633.76,212.82 632.64,214.22 633.22,217.00
             633.33,219.49 635.16,222.28 634.83,225.91
             634.40,230.76 629.88,231.99 629.86,238.28
             629.84,245.08 639.40,255.27 628.96,258.44
             628.96,258.44 622.00,260.00 622.00,260.00
             613.57,252.34 607.48,264.03 599.00,269.61
             593.97,272.92 584.47,275.95 581.65,279.33
             578.88,282.64 579.14,287.10 577.68,291.00
             577.68,291.00 571.10,305.00 571.10,305.00
             570.55,308.29 573.22,314.50 573.71,317.96
             573.71,317.96 573.00,331.00 573.00,331.00
             561.17,334.35 559.32,324.50 560.00,315.00
             553.73,313.91 556.45,312.45 551.00,307.00
             552.22,304.27 554.34,298.21 555.81,296.26
             557.51,293.99 560.32,292.74 561.21,289.95
             562.40,286.20 559.34,280.22 550.00,286.00
             547.90,281.34 546.14,280.79 543.59,277.00
             540.66,272.64 542.53,270.80 537.00,269.00
             542.75,259.95 543.61,252.42 542.43,242.00
             542.09,239.03 542.35,234.80 540.40,232.47
             536.33,227.61 528.28,226.45 523.00,224.00
             529.42,215.25 534.11,216.05 538.68,211.70
             538.68,211.70 549.28,196.96 549.28,196.96
             549.28,196.96 552.29,189.04 552.29,189.04
             554.77,184.54 559.85,181.62 559.00,172.00
             559.00,172.00 563.72,163.72 563.72,163.72
             563.72,163.72 566.87,157.28 566.87,157.28
             566.87,157.28 570.00,141.00 570.00,141.00
             570.00,141.00 580.00,144.00 580.00,144.00 Z" />
</svg>
