<?xml version="1.0" encoding="UTF-8" standalone="no"?>
<!DOCTYPE svg PUBLIC "-//W3C//DTD SVG 20010904//EN"
              "http://www.w3.org/TR/2001/REC-SVG-20010904/DTD/svg10.dtd">

<svg xmlns="http://www.w3.org/2000/svg"
     width="11.1111in" height="11.6667in"
     viewBox="0 0 800 840">
  <path id="Seleção #2"
        fill="none" stroke="black" stroke-width="1"
        d="M 372.00,487.06
           C 372.00,487.06 389.00,495.00 389.00,495.00
             393.76,488.65 400.73,493.09 407.00,494.00
             408.98,489.18 409.92,488.20 414.00,485.00
             413.97,487.38 414.14,489.54 413.00,491.71
             411.86,493.87 408.84,496.01 409.54,498.29
             410.81,502.45 420.85,501.37 422.75,502.02
             425.48,502.95 426.17,506.56 427.00,509.00
             427.00,509.00 432.00,508.00 432.00,508.00
             426.01,517.42 433.74,514.06 440.42,517.82
             440.42,517.82 454.28,525.21 454.28,525.21
             461.41,528.14 465.02,526.72 470.00,534.00
             466.30,541.02 469.25,544.06 466.98,547.59
             463.96,552.28 455.11,553.34 456.00,564.00
             450.70,566.95 451.39,570.89 449.00,576.00
             449.00,576.00 446.00,576.00 446.00,576.00
             446.95,586.53 436.03,591.43 429.09,596.72
             429.09,596.72 423.83,601.32 423.83,601.32
             420.54,603.83 418.42,604.00 415.92,608.02
             415.92,608.02 413.00,613.79 413.00,613.79
             410.91,616.80 408.81,617.08 407.14,621.04
             405.99,623.79 406.15,627.50 403.73,628.60
             401.00,629.84 398.84,626.53 395.96,625.93
             392.27,625.17 386.26,629.54 382.29,628.09
             379.77,627.17 377.89,620.46 377.68,618.00
             377.05,610.60 376.57,612.53 375.61,607.00
             374.80,602.37 375.24,598.67 371.88,594.31
             368.35,589.73 364.16,594.77 360.00,587.00
             360.00,587.00 359.00,588.00 359.00,588.00
             359.00,588.00 357.00,587.00 357.00,587.00
             351.00,595.80 337.67,587.71 329.00,589.00
             329.00,589.00 328.00,588.00 328.00,588.00
             329.83,577.95 328.42,579.49 329.03,574.99
             329.70,570.45 331.59,567.27 329.03,563.00
             329.03,563.00 327.00,557.00 327.00,557.00
             327.74,549.49 322.52,548.42 330.00,544.00
             330.00,544.00 325.00,539.00 325.00,539.00
             326.56,533.52 329.15,526.22 334.00,523.00
             331.34,513.52 336.55,510.54 336.74,505.72
             336.82,503.55 334.91,500.08 334.00,498.00
             338.17,498.28 342.27,498.31 345.70,495.49
             348.27,493.39 350.28,489.41 352.51,487.99
             355.01,486.41 358.71,487.56 365.00,484.00
             365.00,484.00 372.00,487.06 372.00,487.06 Z" />
</svg>
