<?xml version="1.0" encoding="UTF-8" standalone="no"?>
<!DOCTYPE svg PUBLIC "-//W3C//DTD SVG 20010904//EN"
              "http://www.w3.org/TR/2001/REC-SVG-20010904/DTD/svg10.dtd">

<svg xmlns="http://www.w3.org/2000/svg"
     width="11.1111in" height="11.6667in"
     viewBox="0 0 800 840">
  <path id="Seleção #3"
        fill="none" stroke="black" stroke-width="1"
        d="M 334.00,303.00
           C 341.45,304.11 342.12,306.98 346.53,311.36
             349.27,314.08 349.60,312.87 351.00,317.00
             357.22,315.49 366.45,316.94 373.00,317.72
             373.00,317.72 397.00,319.83 397.00,319.83
             397.00,319.83 484.00,326.00 484.00,326.00
             476.15,343.19 473.12,356.13 475.28,375.00
             475.89,380.31 473.87,386.77 479.00,390.00
             475.24,397.19 477.70,395.54 476.07,400.09
             473.39,407.61 469.70,407.39 472.00,417.00
             467.26,422.58 470.10,428.38 466.12,433.66
             463.61,436.98 460.19,434.49 456.34,439.48
             453.00,443.82 454.54,449.16 450.70,452.26
             448.69,453.89 446.32,453.75 444.41,454.99
             443.03,455.90 442.37,457.21 441.25,458.34
             437.07,462.55 434.81,461.73 435.00,469.00
             429.17,474.81 421.10,483.89 422.81,493.02
             423.24,495.29 425.75,498.81 427.00,501.00
             427.00,501.00 410.00,498.00 410.00,498.00
             410.00,498.00 413.51,493.54 413.51,493.54
             413.51,493.54 416.00,484.00 416.00,484.00
             416.00,484.00 401.00,493.00 401.00,493.00
             398.29,488.51 397.74,489.24 393.00,488.00
             388.25,496.66 379.57,488.25 373.92,485.63
             368.90,483.30 366.33,482.73 361.00,482.00
             361.00,482.00 352.32,486.01 352.32,486.01
             352.32,486.01 345.53,493.53 345.53,493.53
             345.53,493.53 336.00,497.00 336.00,497.00
             334.68,494.12 333.73,491.80 330.90,490.04
             327.78,488.10 322.87,488.67 319.81,481.99
             314.66,470.78 323.77,468.65 318.00,462.00
             315.34,464.97 310.68,464.06 307.00,463.58
             307.00,463.58 283.00,463.00 283.00,463.00
             282.99,450.52 282.83,449.26 276.00,439.00
             276.00,439.00 282.00,439.00 282.00,439.00
             282.00,439.00 280.12,427.00 280.12,427.00
             280.12,427.00 277.44,418.83 277.44,418.83
             277.44,418.83 279.00,413.00 279.00,413.00
             279.00,413.00 274.00,408.00 274.00,408.00
             274.00,408.00 279.00,404.00 279.00,404.00
             279.81,396.24 281.10,397.51 283.74,391.83
             283.74,391.83 285.99,385.26 285.99,385.26
             285.99,385.26 292.00,379.00 292.00,379.00
             289.47,376.66 284.54,368.95 284.53,365.39
             284.53,362.37 292.94,353.07 281.98,351.97
             281.98,351.97 278.00,351.97 278.00,351.97
             273.14,347.21 262.58,349.00 256.00,349.00
             258.34,335.97 254.95,338.28 255.26,330.91
             255.48,325.77 257.75,319.31 254.00,315.00
             254.00,315.00 256.00,304.00 256.00,304.00
             256.00,304.00 310.00,304.00 310.00,304.00
             310.00,304.00 318.26,302.44 318.26,302.44
             318.26,302.44 319.52,296.83 319.52,296.83
             319.52,296.83 320.69,289.00 320.69,289.00
             320.69,289.00 320.69,284.00 320.69,284.00
             320.69,284.00 324.00,273.00 324.00,273.00
             329.70,279.58 333.22,294.34 334.00,303.00 Z" />
</svg>
