<?xml version="1.0" encoding="UTF-8" standalone="no"?>
<!DOCTYPE svg PUBLIC "-//W3C//DTD SVG 20010904//EN"
              "http://www.w3.org/TR/2001/REC-SVG-20010904/DTD/svg10.dtd">

<svg xmlns="http://www.w3.org/2000/svg"
     width="11.1111in" height="11.6667in"
     viewBox="0 0 800 840">
  <path id="Seleção #7"
        fill="none" stroke="black" stroke-width="1"
        d="M 576.72,439.05
           C 576.72,439.05 592.88,429.53 592.88,429.53
             598.20,426.19 601.96,417.54 614.00,423.00
             614.00,423.00 614.00,431.00 614.00,431.00
             614.00,431.00 622.00,431.68 622.00,431.68
             624.91,431.40 626.72,429.57 631.00,430.87
             640.28,433.68 645.95,443.33 657.00,439.00
             658.98,440.99 661.89,443.74 663.42,446.00
             664.97,448.28 665.35,450.77 667.31,452.02
             669.42,453.19 672.63,452.18 675.00,452.02
             679.66,451.97 695.32,456.37 693.34,463.00
             691.71,468.50 685.63,468.05 686.00,476.00
             680.16,479.12 682.02,481.51 679.00,488.00
             679.00,488.00 689.00,498.00 689.00,498.00
             689.00,498.00 679.00,500.00 679.00,500.00
             679.00,500.00 675.00,498.00 675.00,498.00
             675.00,498.00 668.00,511.00 668.00,511.00
             668.00,511.00 672.00,511.00 672.00,511.00
             672.00,511.00 673.00,518.00 673.00,518.00
             673.00,518.00 667.00,517.00 667.00,517.00
             668.68,520.71 672.19,524.27 672.45,527.96
             672.86,529.31 672.71,530.31 672.45,531.56
             672.45,531.56 664.53,545.40 664.53,545.40
             660.46,548.90 660.15,544.22 654.00,553.00
             657.54,556.78 653.01,561.70 649.00,563.00
             649.00,563.00 647.00,568.00 647.00,568.00
             647.96,577.34 640.88,584.48 632.00,586.33
             632.00,586.33 625.00,586.33 625.00,586.33
             619.91,586.99 618.25,588.23 613.00,587.00
             613.00,587.00 602.99,591.73 602.99,591.73
             602.99,591.73 583.09,598.79 583.09,598.79
             583.09,598.79 576.00,598.00 576.00,598.00
             576.00,598.00 575.00,604.00 575.00,604.00
             575.00,604.00 564.00,605.00 564.00,605.00
             564.00,605.00 564.00,597.00 564.00,597.00
             559.50,595.62 558.72,594.76 559.01,590.00
             559.19,586.98 559.04,583.95 559.76,581.00
             560.71,577.13 561.46,573.08 555.91,572.78
             555.91,572.78 551.00,572.78 551.00,572.78
             551.00,572.78 548.22,563.00 548.22,563.00
             548.22,563.00 548.22,556.17 548.22,556.17
             548.22,556.17 546.93,552.72 546.93,552.72
             546.93,552.72 545.58,548.08 545.58,548.08
             545.58,548.08 542.00,542.00 542.00,542.00
             542.00,542.00 528.00,546.00 528.00,546.00
             522.94,544.04 516.68,545.44 512.00,548.00
             508.88,546.85 508.73,547.20 506.00,549.00
             506.00,549.00 506.00,542.00 506.00,542.00
             506.00,542.00 482.00,539.53 482.00,539.53
             482.00,539.53 470.00,543.00 470.00,543.00
             470.00,543.00 471.00,533.00 471.00,533.00
             471.00,533.00 474.00,533.00 474.00,533.00
             473.01,527.14 476.17,528.00 479.10,523.81
             480.55,521.73 480.96,519.31 483.53,517.42
             487.74,514.30 496.87,514.39 501.96,513.49
             504.85,512.98 509.49,509.73 512.00,508.00
             516.82,509.72 520.22,509.21 525.00,509.88
             529.39,510.49 534.01,514.90 539.00,506.00
             539.00,506.00 546.00,504.00 546.00,504.00
             546.00,504.00 544.96,499.00 544.96,499.00
             544.36,493.27 547.26,492.70 541.00,489.00
             543.67,484.44 544.78,482.44 550.00,481.00
             550.00,481.00 542.00,467.00 542.00,467.00
             547.71,458.51 544.06,459.14 556.00,455.00
             556.00,455.00 553.00,437.00 553.00,437.00
             559.67,438.51 560.75,438.22 561.00,431.00
             561.00,431.00 563.00,435.00 563.00,435.00
             563.00,435.00 571.00,436.00 571.00,436.00
             571.00,436.00 569.00,443.00 569.00,443.00
             573.60,439.73 572.94,441.03 576.72,439.05 Z" />
</svg>
