<?xml version="1.0" encoding="UTF-8" standalone="no"?>
<!DOCTYPE svg PUBLIC "-//W3C//DTD SVG 20010904//EN"
              "http://www.w3.org/TR/2001/REC-SVG-20010904/DTD/svg10.dtd">

<svg xmlns="http://www.w3.org/2000/svg"
     width="11.1111in" height="11.6667in"
     viewBox="0 0 800 840">
  <path id="Seleção #17"
        fill="none" stroke="black" stroke-width="1"
        d="M 753.00,273.00
           C 753.00,273.00 753.00,275.00 753.00,275.00
             753.00,275.00 746.00,286.00 746.00,286.00
             746.00,286.00 750.00,286.00 750.00,286.00
             753.84,298.86 762.88,287.52 767.00,282.00
             778.63,282.90 776.30,280.52 786.00,279.00
             786.55,270.56 793.82,275.07 797.88,277.00
             797.88,277.00 797.88,284.01 797.88,284.01
             797.36,287.31 793.50,300.33 791.19,302.35
             789.62,303.72 780.11,303.03 777.00,303.80
             772.15,305.01 770.72,308.72 766.70,310.76
             761.73,313.28 760.60,310.94 755.00,314.00
             755.00,314.00 738.00,303.00 738.00,303.00
             735.53,309.03 734.10,309.37 729.00,313.00
             729.00,313.00 729.00,306.00 729.00,306.00
             729.00,306.00 725.00,307.00 725.00,307.00
             725.00,307.00 725.00,303.00 725.00,303.00
             725.00,303.00 720.00,305.00 720.00,305.00
             720.00,305.00 704.97,297.32 704.97,297.32
             704.97,297.32 694.00,303.00 694.00,303.00
             694.18,308.63 691.88,308.43 687.00,308.00
             685.75,313.77 685.15,314.14 680.00,317.00
             680.00,317.00 681.00,310.00 681.00,310.00
             681.00,310.00 671.00,302.00 671.00,302.00
             671.00,302.00 670.00,298.00 670.00,298.00
             675.97,294.72 687.03,287.35 680.00,280.00
             680.00,280.00 680.00,275.00 680.00,275.00
             686.83,271.90 685.65,274.17 691.00,273.66
             694.90,273.28 703.55,268.81 707.00,280.00
             707.00,280.00 711.00,280.00 711.00,280.00
             711.00,280.00 711.00,283.00 711.00,283.00
             711.00,283.00 720.00,279.00 720.00,279.00
             720.00,279.00 721.00,282.00 721.00,282.00
             721.00,282.00 727.00,280.00 727.00,280.00
             727.00,280.00 728.00,283.00 728.00,283.00
             728.00,283.00 740.00,280.00 740.00,280.00
             741.97,274.25 747.09,270.92 753.00,273.00 Z" />
</svg>
