<?xml version="1.0" encoding="UTF-8" standalone="no"?>
<!DOCTYPE svg PUBLIC "-//W3C//DTD SVG 20010904//EN"
              "http://www.w3.org/TR/2001/REC-SVG-20010904/DTD/svg10.dtd">

<svg xmlns="http://www.w3.org/2000/svg"
     width="11.1111in" height="11.6667in"
     viewBox="0 0 800 840">
  <path id="Seleção #6"
        fill="none" stroke="black" stroke-width="1"
        d="M 457.00,601.98
           C 459.76,602.35 460.86,601.90 464.00,602.73
             464.00,602.73 474.17,606.91 474.17,606.91
             477.46,607.81 485.60,607.76 489.00,606.91
             489.00,606.91 495.07,613.12 495.07,613.12
             495.07,613.12 498.00,631.00 498.00,631.00
             500.85,632.70 502.57,634.59 503.21,638.00
             503.60,640.05 502.83,642.51 504.61,644.10
             506.08,645.41 515.03,645.40 518.00,646.00
             517.17,651.57 516.92,653.45 523.00,652.00
             523.00,652.00 525.00,653.00 525.00,653.00
             526.52,657.15 527.05,658.53 523.00,661.00
             523.00,661.00 524.00,663.00 524.00,663.00
             519.48,666.62 518.94,669.32 516.61,670.43
             516.61,670.43 506.17,672.34 506.17,672.34
             503.19,673.42 500.75,675.94 497.09,675.10
             497.09,675.10 491.83,672.57 491.83,672.57
             491.83,672.57 480.00,672.57 480.00,672.57
             473.87,673.52 475.81,678.40 467.00,676.00
             463.83,680.78 462.66,679.47 463.00,686.00
             453.02,682.90 454.90,684.87 449.00,683.54
             449.00,683.54 433.04,679.58 433.04,679.58
             433.04,679.58 427.75,679.58 427.75,679.58
             427.75,679.58 416.39,676.36 416.39,676.36
             413.64,674.24 411.90,666.47 411.00,663.00
             411.00,663.00 407.00,661.00 407.00,661.00
             407.00,661.00 399.00,665.00 399.00,665.00
             395.94,658.83 398.66,658.91 399.79,653.00
             401.44,644.44 403.33,640.65 402.00,632.00
             409.20,627.43 405.84,625.91 409.27,620.21
             409.27,620.21 414.04,614.79 414.04,614.79
             418.50,608.64 414.60,608.53 423.00,603.67
             424.70,602.69 426.99,601.20 428.83,600.67
             432.29,599.68 442.38,601.11 446.00,601.98
             448.06,597.23 450.77,601.06 457.00,601.98 Z" />
</svg>
