<?xml version="1.0" encoding="UTF-8" standalone="no"?>
<!DOCTYPE svg PUBLIC "-//W3C//DTD SVG 20010904//EN"
              "http://www.w3.org/TR/2001/REC-SVG-20010904/DTD/svg10.dtd">

<svg xmlns="http://www.w3.org/2000/svg"
     width="11.1111in" height="11.6667in"
     viewBox="0 0 800 840">
  <path id="Seleção"
        fill="none" stroke="black" stroke-width="1"
        d="M 392.00,77.00
           C 405.05,77.04 401.55,79.09 408.61,83.37
             408.61,83.37 415.53,86.17 415.53,86.17
             415.53,86.17 423.96,98.28 423.96,98.28
             425.45,101.12 424.09,102.97 425.47,107.17
             429.07,118.21 429.93,115.63 432.88,120.26
             435.44,124.26 433.42,123.61 438.00,128.00
             438.00,128.00 439.00,137.00 439.00,137.00
             439.00,137.00 446.00,141.00 446.00,141.00
             448.67,140.26 451.66,139.74 453.69,137.69
             456.12,135.22 455.69,132.77 456.85,130.00
             456.85,130.00 463.95,119.26 463.95,119.26
             467.18,115.28 475.02,111.28 477.57,108.52
             482.03,103.71 478.52,101.26 487.00,99.00
             487.00,99.00 488.00,108.00 488.00,108.00
             488.00,108.00 497.00,107.00 497.00,107.00
             500.16,112.87 507.38,118.40 514.00,119.86
             514.00,119.86 522.00,119.86 522.00,119.86
             522.00,119.86 520.00,125.00 520.00,125.00
             523.72,126.00 527.60,126.87 530.00,130.00
             530.00,130.00 537.00,127.00 537.00,127.00
             537.00,127.00 538.00,130.00 538.00,130.00
             538.00,130.00 540.00,129.00 540.00,129.00
             540.00,129.00 540.00,130.00 540.00,130.00
             540.00,130.00 542.00,131.00 542.00,131.00
             542.00,131.00 543.00,128.00 543.00,128.00
             543.00,128.00 547.00,132.00 547.00,132.00
             547.00,132.00 548.00,130.00 548.00,130.00
             548.00,130.00 551.00,134.00 551.00,134.00
             551.00,134.00 567.00,139.00 567.00,139.00
             567.00,139.00 567.00,150.00 567.00,150.00
             567.00,150.00 564.00,150.00 564.00,150.00
             564.93,154.86 566.83,158.91 561.00,161.00
             560.91,170.51 559.52,167.90 557.45,172.92
             555.68,177.22 558.14,178.10 553.00,181.00
             553.00,181.00 549.63,190.01 549.63,190.01
             549.63,190.01 547.65,195.96 547.65,195.96
             547.65,195.96 537.74,210.46 537.74,210.46
             537.74,210.46 532.58,213.86 532.58,213.86
             532.58,213.86 514.00,230.00 514.00,230.00
             520.55,230.87 521.81,230.75 527.00,235.00
             523.60,238.63 523.71,240.17 524.00,245.00
             524.00,245.00 515.12,256.44 515.12,256.44
             515.12,256.44 507.32,261.39 507.32,261.39
             507.32,261.39 505.67,264.04 505.67,264.04
             505.67,264.04 502.56,274.99 502.56,274.99
             502.56,274.99 505.40,282.17 505.40,282.17
             505.40,282.17 504.21,291.83 504.21,291.83
             504.21,291.83 490.04,311.42 490.04,311.42
             490.04,311.42 485.00,325.00 485.00,325.00
             485.00,325.00 457.00,322.91 457.00,322.91
             457.00,322.91 399.00,318.17 399.00,318.17
             399.00,318.17 356.04,314.53 356.04,314.53
             356.04,314.53 347.00,311.00 347.00,311.00
             347.00,311.00 336.47,300.53 336.47,300.53
             336.47,300.53 333.75,291.00 333.75,291.00
             333.75,291.00 327.88,276.00 327.88,276.00
             327.88,276.00 318.45,260.00 318.45,260.00
             318.45,260.00 322.56,250.91 322.56,250.91
             322.56,250.91 331.76,230.00 331.76,230.00
             331.76,230.00 342.86,205.00 342.86,205.00
             342.86,205.00 354.13,180.00 354.13,180.00
             354.13,180.00 359.81,165.21 359.81,165.21
             359.81,165.21 366.00,156.00 366.00,156.00
             366.00,156.00 353.00,160.00 353.00,160.00
             353.00,160.00 345.00,149.00 345.00,149.00
             336.35,150.98 329.55,144.84 327.00,137.00
             327.00,137.00 320.00,138.00 320.00,138.00
             317.31,129.78 316.31,132.45 313.46,126.96
             308.74,117.91 309.00,110.83 309.00,101.00
             309.00,98.29 308.59,92.70 309.99,90.48
             311.64,87.87 314.58,87.57 315.99,86.63
             320.14,83.87 317.99,79.31 327.00,83.00
             329.61,77.16 332.15,78.02 338.00,78.00
             338.00,78.00 340.00,72.00 340.00,72.00
             340.00,72.00 341.00,72.00 341.00,72.00
             341.00,72.00 342.00,74.00 342.00,74.00
             345.80,71.80 347.93,73.30 351.00,76.00
             354.94,72.95 360.55,71.56 364.00,76.00
             371.35,73.46 370.54,70.44 366.00,65.00
             366.00,65.00 369.00,61.00 369.00,61.00
             375.40,62.88 381.17,62.30 387.00,59.00
             391.90,63.45 391.49,70.70 392.00,77.00 Z" />
</svg>
