<?xml version="1.0" encoding="UTF-8" standalone="no"?>
<!DOCTYPE svg PUBLIC "-//W3C//DTD SVG 20010904//EN"
              "http://www.w3.org/TR/2001/REC-SVG-20010904/DTD/svg10.dtd">

<svg xmlns="http://www.w3.org/2000/svg"
     width="11.1111in" height="11.6667in"
     viewBox="0 0 800 840">
  <path id="Seleção #16"
        fill="none" stroke="black" stroke-width="1"
        d="M 731.42,253.85
           C 731.42,253.85 739.00,249.41 739.00,249.41
             739.00,249.41 750.00,245.00 750.00,245.00
             746.89,250.99 744.53,251.49 744.00,259.00
             744.00,259.00 758.00,260.00 758.00,260.00
             761.32,265.69 764.16,262.13 764.00,257.00
             764.00,257.00 767.00,257.00 767.00,257.00
             767.00,257.00 765.00,251.00 765.00,251.00
             765.00,251.00 768.00,250.00 768.00,250.00
             771.90,253.89 774.75,253.72 779.99,253.74
             779.99,253.74 795.00,255.00 795.00,255.00
             795.93,264.00 800.07,265.61 798.00,275.00
             798.00,275.00 796.00,275.00 796.00,275.00
             788.16,267.28 783.53,277.06 780.78,278.70
             776.24,281.41 771.24,279.35 766.89,281.26
             759.95,284.30 762.92,288.97 753.00,291.00
             753.00,291.00 750.00,284.00 750.00,284.00
             752.62,278.91 750.61,278.22 756.00,275.00
             747.93,265.78 745.31,272.73 738.00,277.52
             734.65,279.71 732.71,279.98 729.00,281.00
             729.00,281.00 728.00,278.00 728.00,278.00
             728.00,278.00 722.00,280.00 722.00,280.00
             722.00,280.00 722.85,271.00 722.85,271.00
             722.85,271.00 720.78,264.00 720.78,264.00
             720.78,264.00 723.00,252.00 723.00,252.00
             723.00,252.00 731.42,253.85 731.42,253.85 Z" />
</svg>
