<?xml version="1.0" encoding="UTF-8" standalone="no"?>
<!DOCTYPE svg PUBLIC "-//W3C//DTD SVG 20010904//EN"
              "http://www.w3.org/TR/2001/REC-SVG-20010904/DTD/svg10.dtd">

<svg xmlns="http://www.w3.org/2000/svg"
     width="11.1111in" height="11.6667in"
     viewBox="0 0 800 840">
  <path id="Seleção #12"
        fill="none" stroke="black" stroke-width="1"
        d="M 665.62,178.57
           C 665.62,178.57 665.01,186.00 665.01,186.00
             665.01,186.00 667.20,202.00 667.20,202.00
             672.15,203.59 666.41,211.32 667.20,217.91
             668.07,222.25 671.74,223.15 673.18,227.07
             673.18,227.07 676.42,252.98 676.42,252.98
             678.10,258.46 682.11,258.07 683.36,261.27
             685.01,265.47 681.93,271.60 678.00,273.00
             678.55,277.07 678.38,279.61 682.00,282.00
             679.67,290.95 675.64,291.70 669.43,297.08
             669.43,297.08 655.08,310.87 655.08,310.87
             653.34,311.97 651.33,311.81 648.99,312.67
             643.83,314.56 643.10,317.49 637.00,317.00
             637.00,317.00 637.00,319.00 637.00,319.00
             631.56,315.81 624.01,310.97 618.06,315.70
             616.67,316.81 615.27,318.19 615.01,320.04
             614.74,321.98 617.20,326.88 618.00,329.00
             618.00,329.00 609.00,342.00 609.00,342.00
             609.00,342.00 606.00,340.00 606.00,340.00
             606.00,340.00 600.01,342.39 600.01,342.39
             600.01,342.39 591.93,346.57 591.93,346.57
             591.93,346.57 583.00,342.00 583.00,342.00
             583.62,335.93 582.15,335.51 580.00,330.00
             580.00,330.00 575.00,334.00 575.00,334.00
             575.00,334.00 575.71,319.00 575.71,319.00
             575.71,319.00 572.80,306.00 572.80,306.00
             572.80,306.00 577.04,297.00 577.04,297.00
             577.04,297.00 583.85,279.45 583.85,279.45
             583.85,279.45 597.34,272.78 597.34,272.78
             597.34,272.78 606.00,268.00 606.00,268.00
             608.23,263.54 610.46,259.69 616.01,259.41
             619.36,259.23 627.49,263.23 632.74,258.45
             640.37,251.52 631.31,245.95 631.14,239.00
             630.98,232.79 635.19,231.00 636.32,227.00
             637.18,223.92 635.52,220.98 635.19,218.00
             634.49,214.32 635.74,212.77 635.19,210.17
             635.19,210.17 633.00,204.00 633.00,204.00
             640.45,197.29 639.10,193.41 641.88,190.56
             643.80,188.58 646.14,188.96 649.71,186.52
             653.70,183.79 655.92,180.23 658.00,176.00
             658.00,176.00 665.62,178.57 665.62,178.57 Z" />
</svg>
