<?xml version="1.0" encoding="UTF-8" standalone="no"?>
<!DOCTYPE svg PUBLIC "-//W3C//DTD SVG 20010904//EN"
              "http://www.w3.org/TR/2001/REC-SVG-20010904/DTD/svg10.dtd">

<svg xmlns="http://www.w3.org/2000/svg"
     width="11.1111in" height="11.6667in"
     viewBox="0 0 800 840">
  <path id="Seleção #9"
        fill="none" stroke="black" stroke-width="1"
        d="M 657.00,562.00
           C 657.00,562.00 658.00,570.00 658.00,570.00
             658.00,570.00 673.00,572.00 673.00,572.00
             670.56,578.91 672.07,580.07 673.00,587.00
             666.41,589.80 657.53,591.64 653.63,598.00
             652.38,600.05 651.99,604.14 651.00,607.00
             651.00,607.00 631.00,607.00 631.00,607.00
             631.00,607.00 633.00,601.00 633.00,601.00
             633.00,601.00 625.00,603.00 625.00,603.00
             625.00,603.00 626.00,607.00 626.00,607.00
             626.00,607.00 614.58,606.01 614.58,606.01
             614.58,606.01 606.00,606.01 606.00,606.01
             610.92,598.08 603.25,599.24 598.00,597.00
             598.00,597.00 601.11,594.31 601.11,594.31
             601.11,594.31 625.00,588.36 625.00,588.36
             625.00,588.36 631.00,588.36 631.00,588.36
             631.00,588.36 648.00,581.00 648.00,581.00
             646.85,572.83 650.31,568.06 655.00,562.00
             655.00,562.00 657.00,562.00 657.00,562.00 Z" />
</svg>
