<?xml version="1.0" encoding="UTF-8" standalone="no"?>
<!DOCTYPE svg PUBLIC "-//W3C//DTD SVG 20010904//EN"
              "http://www.w3.org/TR/2001/REC-SVG-20010904/DTD/svg10.dtd">

<svg xmlns="http://www.w3.org/2000/svg"
     width="11.1111in" height="11.6667in"
     viewBox="0 0 800 840">
  <path id="Seleção #4"
        fill="none" stroke="black" stroke-width="1"
        d="M 421.00,698.00
           C 421.00,698.00 445.83,702.20 445.83,702.20
             445.83,702.20 451.08,705.05 451.08,705.05
             451.08,705.05 459.91,708.35 459.91,708.35
             459.91,708.35 471.00,716.00 471.00,716.00
             473.40,726.75 485.18,726.97 494.00,727.00
             494.00,727.00 488.87,738.00 488.87,738.00
             488.87,738.00 487.19,743.71 487.19,743.71
             487.19,743.71 490.00,746.00 490.00,746.00
             490.00,746.00 489.00,745.00 489.00,745.00
             489.00,745.00 490.00,743.00 490.00,743.00
             490.00,743.00 494.00,746.00 494.00,746.00
             484.52,757.33 486.62,765.97 472.62,783.01
             460.90,797.29 452.26,796.56 443.53,808.00
             438.95,814.00 439.40,818.82 435.65,824.99
             432.92,829.48 425.24,835.52 421.00,839.00
             418.14,836.19 418.50,835.87 418.58,831.99
             418.76,823.10 419.79,826.88 428.00,817.00
             424.83,815.16 420.56,812.98 418.11,810.32
             414.85,806.79 415.70,804.66 411.23,801.28
             411.23,801.28 403.09,796.44 403.09,796.44
             403.09,796.44 396.91,790.59 396.91,790.59
             392.99,787.87 391.81,789.99 389.00,785.00
             380.26,786.14 382.97,779.13 376.91,777.59
             374.12,776.87 370.51,779.69 368.00,781.00
             367.81,778.57 367.82,777.27 366.57,775.04
             364.94,772.14 362.05,770.08 359.66,767.85
             354.83,763.33 348.37,755.61 343.00,764.00
             343.00,764.00 337.00,763.00 337.00,763.00
             342.97,753.83 345.41,753.66 352.22,746.26
             355.56,742.63 354.71,740.90 360.00,740.00
             362.30,729.84 368.63,730.74 370.00,724.00
             370.00,724.00 374.00,726.00 374.00,726.00
             374.00,726.00 374.00,720.00 374.00,720.00
             381.15,717.20 381.38,713.84 388.00,714.00
             388.00,714.00 391.00,707.00 391.00,707.00
             391.00,707.00 396.00,705.00 396.00,705.00
             396.00,705.00 410.00,699.48 410.00,699.48
             410.00,699.48 419.00,698.00 419.00,698.00
             419.00,698.00 421.00,698.00 421.00,698.00 Z
           M 490.00,746.00
           C 490.00,746.00 491.00,747.00 491.00,747.00
             491.00,747.00 491.00,746.00 491.00,746.00
             491.00,746.00 490.00,746.00 490.00,746.00 Z" />
</svg>
