<?xml version="1.0" encoding="UTF-8" standalone="no"?>
<!DOCTYPE svg PUBLIC "-//W3C//DTD SVG 20010904//EN"
              "http://www.w3.org/TR/2001/REC-SVG-20010904/DTD/svg10.dtd">

<svg xmlns="http://www.w3.org/2000/svg"
     width="11.1111in" height="11.6667in"
     viewBox="0 0 800 840">
  <path id="Seleção #15"
        fill="none" stroke="black" stroke-width="1"
        d="M 737.57,229.91
           C 739.38,226.38 739.39,222.52 743.30,220.29
             749.11,216.98 758.64,223.46 767.00,223.79
             772.68,224.01 778.44,222.24 783.87,225.31
             790.02,228.78 790.42,238.90 792.17,245.00
             792.17,245.00 795.00,253.00 795.00,253.00
             791.43,253.34 789.46,253.93 787.00,251.00
             783.10,251.87 776.92,253.26 774.00,250.00
             774.00,250.00 770.00,251.00 770.00,251.00
             770.00,251.00 769.00,248.00 769.00,248.00
             761.84,250.88 764.64,253.31 762.00,262.00
             756.83,257.62 756.53,257.63 750.00,259.00
             750.00,259.00 746.00,257.00 746.00,257.00
             747.70,248.15 748.77,250.20 753.00,243.00
             753.00,243.00 738.00,246.00 738.00,246.00
             738.00,246.00 732.00,253.00 732.00,253.00
             732.00,253.00 725.00,251.00 725.00,251.00
             725.00,251.00 724.00,249.00 724.00,249.00
             727.60,243.48 730.90,242.93 737.57,229.91 Z
           M 726.00,248.00
           C 726.00,248.00 727.00,249.00 727.00,249.00
             727.00,249.00 727.00,248.00 727.00,248.00
             727.00,248.00 726.00,248.00 726.00,248.00 Z" />
</svg>
