<?xml version="1.0" encoding="UTF-8" standalone="no"?>
<!DOCTYPE svg PUBLIC "-//W3C//DTD SVG 20010904//EN"
              "http://www.w3.org/TR/2001/REC-SVG-20010904/DTD/svg10.dtd">

<svg xmlns="http://www.w3.org/2000/svg"
     width="11.1111in" height="11.6667in"
     viewBox="0 0 800 840">
  <path id="Seleção #3"
        fill="none" stroke="black" stroke-width="1"
        d="M 283.00,2.00
           C 285.92,9.85 284.41,10.46 282.00,18.00
             282.00,18.00 291.00,19.00 291.00,19.00
             291.00,19.00 292.78,30.95 292.78,30.95
             292.78,30.95 287.00,38.00 287.00,38.00
             287.00,38.00 289.00,38.00 289.00,38.00
             289.00,38.00 285.36,55.00 285.36,55.00
             285.36,55.00 290.64,69.00 290.64,69.00
             290.64,69.00 290.64,73.70 290.64,73.70
             290.64,73.70 301.04,84.13 301.04,84.13
             301.04,84.13 306.98,88.30 306.98,88.30
             306.98,88.30 308.00,107.00 308.00,107.00
             304.28,107.00 289.59,106.60 287.09,107.60
             282.66,109.38 277.80,120.39 277.94,125.00
             277.98,126.67 278.47,127.52 279.00,129.00
             279.00,129.00 272.00,132.00 272.00,132.00
             268.18,124.88 260.66,120.70 255.23,129.10
             252.96,132.61 252.76,138.73 252.00,143.00
             252.00,143.00 248.00,143.00 248.00,143.00
             248.00,143.00 237.00,130.00 237.00,130.00
             243.91,123.11 240.39,118.47 237.80,111.00
             237.80,111.00 235.93,103.00 235.93,103.00
             234.62,97.99 236.55,96.83 235.93,93.00
             235.68,89.00 233.19,85.15 231.55,81.58
             228.88,75.75 234.67,70.15 224.00,70.00
             224.00,70.00 223.00,66.00 223.00,66.00
             218.78,65.66 217.65,65.53 218.00,61.00
             210.72,61.33 211.22,62.69 204.00,60.00
             206.49,51.79 202.17,51.99 200.00,40.00
             202.10,34.62 195.41,32.56 191.00,26.00
             193.51,26.19 197.82,25.85 199.83,26.59
             202.48,27.57 203.09,29.34 206.59,30.20
             210.65,31.20 217.04,30.75 217.96,30.96
             223.50,32.24 221.42,37.00 229.00,34.00
             229.00,34.00 231.00,36.00 231.00,36.00
             231.00,36.00 231.00,28.00 231.00,28.00
             231.00,28.00 237.13,26.08 237.13,26.08
             237.13,26.08 248.00,27.00 248.00,27.00
             248.00,27.00 256.00,19.00 256.00,19.00
             262.53,19.17 271.35,14.09 273.85,7.99
             274.34,6.31 274.09,4.72 273.85,3.00
             273.85,3.00 283.00,2.00 283.00,2.00 Z" />
</svg>
