<?xml version="1.0" encoding="UTF-8" standalone="no"?>
<!DOCTYPE svg PUBLIC "-//W3C//DTD SVG 20010904//EN"
              "http://www.w3.org/TR/2001/REC-SVG-20010904/DTD/svg10.dtd">

<svg xmlns="http://www.w3.org/2000/svg"
     width="11.1111in" height="11.6667in"
     viewBox="0 0 800 840">
  <path id="Seleção #2"
        fill="none" stroke="black" stroke-width="1"
        d="M 213.64,287.08
           C 215.94,285.38 226.33,285.66 228.70,287.08
             230.78,288.50 231.20,290.79 232.70,292.59
             235.27,295.66 236.70,294.36 237.00,299.00
             244.35,302.38 244.31,307.95 250.00,302.00
             257.47,305.94 252.00,308.91 252.81,315.00
             252.81,315.00 253.96,320.00 253.96,320.00
             253.96,320.00 253.34,333.00 253.34,333.00
             253.61,335.71 254.86,337.46 254.90,341.00
             254.96,344.86 253.74,345.07 254.00,351.13
             254.00,351.13 273.82,351.13 273.82,351.13
             273.82,351.13 277.74,352.77 277.74,352.77
             277.74,352.77 284.78,355.50 284.78,355.50
             284.78,355.50 282.92,366.58 282.92,366.58
             282.92,366.58 289.00,380.00 289.00,380.00
             284.10,383.97 283.64,384.81 284.00,391.00
             274.18,398.57 281.14,403.53 268.00,406.00
             262.57,400.97 255.84,405.36 249.81,403.20
             246.20,401.91 244.97,397.90 241.79,395.97
             241.79,395.97 231.09,392.04 231.09,392.04
             224.70,388.87 224.19,386.43 222.17,385.38
             222.17,385.38 217.41,384.25 217.41,384.25
             213.50,382.84 210.02,378.80 206.00,382.00
             206.00,382.00 196.00,381.00 196.00,381.00
             196.00,381.00 195.00,375.00 195.00,375.00
             186.86,374.78 185.74,368.12 180.00,365.00
             180.00,365.00 181.00,361.00 181.00,361.00
             181.00,361.00 178.00,360.00 178.00,360.00
             178.00,360.00 178.88,349.00 178.88,349.00
             178.88,349.00 177.26,340.00 177.26,340.00
             177.26,340.00 178.24,330.00 178.24,330.00
             178.17,326.46 178.17,320.24 173.00,323.00
             173.00,323.00 150.00,325.00 150.00,325.00
             151.99,322.58 156.04,318.00 159.17,317.16
             164.92,316.05 165.83,321.91 171.00,317.16
             171.00,317.16 176.00,319.00 176.00,319.00
             176.00,319.00 179.00,314.00 179.00,314.00
             182.64,321.00 186.42,311.81 187.00,308.00
             187.00,308.00 203.00,307.00 203.00,307.00
             203.00,307.00 205.46,298.91 205.46,298.91
             205.46,298.91 207.00,293.00 207.00,293.00
             207.00,293.00 210.00,294.00 210.00,294.00
             210.68,291.62 211.48,288.51 213.64,287.08 Z" />
</svg>
