<?xml version="1.0" encoding="UTF-8" standalone="no"?>
<!DOCTYPE svg PUBLIC "-//W3C//DTD SVG 20010904//EN"
              "http://www.w3.org/TR/2001/REC-SVG-20010904/DTD/svg10.dtd">

<svg xmlns="http://www.w3.org/2000/svg"
     width="11.1111in" height="11.6667in"
     viewBox="0 0 800 840">
  <path id="Seleção #5"
        fill="none" stroke="black" stroke-width="1"
        d="M 490.00,674.48
           C 490.00,674.48 499.83,677.72 499.83,677.72
             499.83,677.72 507.29,674.39 507.29,674.39
             507.29,674.39 517.00,673.00 517.00,673.00
             519.85,682.96 516.06,680.36 516.33,689.00
             516.62,698.09 518.67,719.16 513.75,726.62
             512.07,729.17 508.48,730.75 506.00,732.61
             497.75,738.76 498.69,743.65 491.00,741.00
             492.20,737.03 492.25,736.96 491.00,733.00
             491.00,733.00 497.00,730.00 497.00,730.00
             493.51,722.01 491.31,726.92 488.00,723.00
             473.27,727.18 475.21,714.68 458.99,705.64
             457.16,704.63 444.09,699.51 442.00,699.17
             442.00,699.17 435.00,698.60 435.00,698.60
             435.00,698.60 427.58,696.31 427.58,696.31
             427.58,696.31 414.00,697.00 414.00,697.00
             414.00,697.00 415.12,692.00 415.12,692.00
             415.55,688.47 414.17,683.41 417.36,681.14
             420.79,678.13 424.15,680.62 427.72,681.14
             427.72,681.14 433.04,681.14 433.04,681.14
             433.04,681.14 450.00,685.54 450.00,685.54
             454.29,686.52 457.17,684.93 460.00,689.00
             460.00,689.00 462.00,689.00 462.00,689.00
             462.00,689.00 464.66,685.17 464.66,685.17
             464.66,685.17 466.02,680.74 466.02,680.74
             466.02,680.74 472.87,678.95 472.87,678.95
             472.87,678.95 480.00,674.00 480.00,674.00
             480.00,674.00 481.00,677.00 481.00,677.00
             481.00,677.00 490.00,674.48 490.00,674.48 Z" />
</svg>
