<?xml version="1.0" encoding="UTF-8" standalone="no"?>
<!DOCTYPE svg PUBLIC "-//W3C//DTD SVG 20010904//EN"
              "http://www.w3.org/TR/2001/REC-SVG-20010904/DTD/svg10.dtd">

<svg xmlns="http://www.w3.org/2000/svg"
     width="11.1111in" height="11.6667in"
     viewBox="0 0 800 840">
  <path id="Seleção #10"
        fill="none" stroke="black" stroke-width="1"
        d="M 453.92,567.18
           C 453.92,567.18 456.66,563.26 456.66,563.26
             457.56,561.37 456.98,560.41 459.00,557.00
             462.64,550.87 464.74,551.73 467.51,549.29
             471.47,545.80 468.73,544.92 481.00,540.00
             485.63,543.43 496.85,543.19 503.00,544.00
             503.00,544.00 505.00,551.00 505.00,551.00
             505.00,551.00 510.00,548.00 510.00,548.00
             510.00,548.00 511.00,554.00 511.00,554.00
             511.00,554.00 513.00,554.00 513.00,554.00
             513.00,554.00 514.00,553.00 514.00,553.00
             514.00,553.00 513.00,549.00 513.00,549.00
             525.75,544.35 527.72,550.39 534.00,544.00
             534.00,544.00 538.00,546.00 538.00,546.00
             541.69,544.11 542.72,546.10 545.00,549.00
             545.00,549.00 543.00,554.00 543.00,554.00
             543.00,554.00 548.00,558.00 548.00,558.00
             543.98,564.30 548.18,569.23 550.00,576.00
             550.00,576.00 556.00,574.00 556.00,574.00
             556.00,574.00 560.00,576.00 560.00,576.00
             558.41,580.37 555.16,587.62 556.06,592.41
             556.91,596.89 561.37,597.98 562.00,606.00
             568.12,607.48 575.75,608.16 578.00,601.00
             578.00,601.00 596.00,597.00 596.00,597.00
             599.83,601.49 601.44,600.98 607.00,601.00
             602.30,607.36 593.80,603.46 594.00,615.00
             589.26,617.31 583.72,619.75 582.00,625.00
             575.38,623.33 570.98,622.45 567.00,629.00
             557.14,629.08 552.96,635.46 545.96,640.84
             539.25,646.01 534.80,646.84 531.00,655.00
             531.00,655.00 528.00,655.00 528.00,655.00
             528.00,655.00 526.00,650.00 526.00,650.00
             526.00,650.00 520.00,651.00 520.00,651.00
             520.00,641.07 512.63,641.88 505.18,644.00
             505.23,641.70 506.03,638.87 505.18,636.72
             503.49,630.58 495.61,624.77 500.00,618.00
             498.05,615.07 497.78,612.57 495.73,610.55
             490.64,605.55 480.48,604.67 474.00,607.00
             467.97,599.87 462.14,601.66 455.00,599.89
             450.91,598.70 447.87,596.05 445.00,599.89
             445.00,599.89 430.00,598.00 430.00,598.00
             437.98,590.57 437.02,595.23 444.93,584.17
             447.18,581.02 447.69,580.96 448.00,577.00
             453.61,572.42 451.05,572.10 453.92,567.18 Z" />
</svg>
