<?xml version="1.0" encoding="UTF-8" standalone="no"?>
<!DOCTYPE svg PUBLIC "-//W3C//DTD SVG 20010904//EN"
              "http://www.w3.org/TR/2001/REC-SVG-20010904/DTD/svg10.dtd">

<svg xmlns="http://www.w3.org/2000/svg"
     width="11.1111in" height="11.6667in"
     viewBox="0 0 800 840">
  <path id="Seleção #19"
        fill="none" stroke="black" stroke-width="1"
        d="M 753.57,328.99
           C 753.57,328.99 758.11,333.47 758.11,333.47
             758.11,333.47 765.00,340.00 765.00,340.00
             760.92,341.77 758.69,342.63 755.67,346.10
             749.65,353.00 748.10,361.43 741.00,360.49
             738.83,360.21 736.89,359.00 735.00,358.00
             735.00,358.00 736.00,354.00 736.00,354.00
             732.16,351.68 731.12,349.25 730.00,345.00
             730.00,345.00 738.00,345.00 738.00,345.00
             738.02,337.51 741.49,332.83 735.00,327.00
             735.00,327.00 735.00,320.00 735.00,320.00
             735.00,320.00 753.57,328.99 753.57,328.99 Z" />
</svg>
