<?xml version="1.0" encoding="UTF-8" standalone="no"?>
<!DOCTYPE svg PUBLIC "-//W3C//DTD SVG 20010904//EN"
              "http://www.w3.org/TR/2001/REC-SVG-20010904/DTD/svg10.dtd">

<svg xmlns="http://www.w3.org/2000/svg"
     width="11.1111in" height="11.6667in"
     viewBox="0 0 800 840">
  <path id="Seleção #2"
        fill="none" stroke="black" stroke-width="1"
        d="M 532.00,227.00
           C 535.61,232.71 537.48,230.41 539.49,234.22
             540.51,236.15 540.80,239.81 541.05,242.00
             542.21,252.32 541.33,261.05 534.00,269.00
             534.00,269.00 552.00,289.00 552.00,289.00
             553.59,285.05 556.06,285.34 560.00,285.00
             560.00,285.00 560.00,292.00 560.00,292.00
             549.64,294.75 552.41,301.41 548.00,309.00
             548.00,309.00 559.00,318.00 559.00,318.00
             557.58,322.55 557.83,322.87 560.02,327.09
             563.60,333.98 567.68,334.34 575.00,335.00
             575.00,335.00 565.87,344.19 565.87,344.19
             565.87,344.19 558.00,355.00 558.00,355.00
             559.53,359.37 560.00,360.53 564.13,363.00
             562.75,367.13 562.45,366.89 564.13,371.00
             561.74,376.95 563.53,376.58 564.13,382.00
             564.13,382.00 565.00,389.00 565.00,389.00
             565.00,389.00 562.00,388.00 562.00,388.00
             559.90,393.22 558.45,391.12 554.00,392.92
             545.25,396.44 546.64,399.65 537.00,394.00
             537.00,394.00 536.00,401.00 536.00,401.00
             536.00,401.00 528.00,395.00 528.00,395.00
             519.47,398.28 518.49,393.03 512.00,388.00
             512.00,388.00 511.00,391.00 511.00,391.00
             505.00,386.88 502.99,392.81 502.00,398.00
             502.00,398.00 491.00,391.80 491.00,391.80
             491.00,391.80 485.82,387.73 485.82,387.73
             485.82,387.73 488.00,379.00 488.00,379.00
             488.00,379.00 478.00,388.00 478.00,388.00
             478.00,388.00 477.04,370.42 477.04,370.42
             477.04,370.42 475.61,359.83 475.61,359.83
             475.61,359.83 477.74,351.00 477.74,351.00
             479.11,343.82 480.54,336.67 483.57,329.96
             483.57,329.96 487.42,322.00 487.42,322.00
             487.42,322.00 489.97,314.00 489.97,314.00
             493.17,307.30 503.07,299.59 506.28,291.00
             507.01,288.52 507.29,284.69 506.28,282.17
             505.70,279.95 503.85,278.42 503.98,275.96
             503.98,275.96 508.60,262.43 508.60,262.43
             510.43,260.28 513.20,260.15 515.70,257.70
             518.96,254.52 517.61,252.06 523.00,252.00
             523.00,252.00 522.00,247.00 522.00,247.00
             525.46,243.67 525.40,242.67 525.00,238.00
             528.75,233.62 525.66,234.04 524.00,229.00
             524.00,229.00 518.00,230.00 518.00,230.00
             522.48,223.52 522.45,228.19 532.00,227.00 Z
           M 488.00,378.00
           C 488.00,378.00 489.00,379.00 489.00,379.00
             489.00,379.00 489.00,378.00 489.00,378.00
             489.00,378.00 488.00,378.00 488.00,378.00 Z" />
</svg>
